m
26 02 2017 8 01
123456
m
14 02 2017 20 01
123456
m
14 02 2017 20 02
123456
m
14 02 2017 20 02
654321
m
20 04 2017 21 01
789456
m
10 10 2017 22 02
789689
p
10 10 2017 22 02
p
26 12 2017 00 01
m
25 02 2017 22 03
138546
m
21 02 2017 08 01
138546
m
02 02 2017 09 01
133797
m
05 02 2017 23 01
654321
m
08 02 2017 23 02
123456
m
04 05 2017 20 01
133797
m
06 02 2017 07 01
133797
m
04 05 2017 23 01
354654
m
27 02 2017 04 01
123456
m
13 02 2017 20 01
123456
m
15 02 2017 20 02
123456
m
17 02 2017 20 02
654321
m
26 04 2017 21 01
789456
m
19 10 2017 22 02
789689
p
19 10 2017 22 02
p
24 12 2017 01 01
m
24 02 2017 22 03
138546
m
29 02 2017 04 01
138546
m
03 02 2017 10 01
133797
m
01 02 2017 23 01
654321
m
03 02 2017 23 02
123456
m
14 05 2017 20 01
133797
m
04 02 2017 08 01
133797
m
01 05 2017 23 01
354654
r